<?xml version="1.0"?>
<opencv_storage>
<frame0 type_id="opencv-matrix">
  <rows>3</rows>
  <cols>4</cols>
  <dt>d</dt>
  <data>
    1. 0. 0. 0. 0. 1. 0. 0. 0. 0. 1. 0.</data></frame0>
<frame1 type_id="opencv-matrix">
  <rows>3</rows>
  <cols>4</cols>
  <dt>d</dt>
  <data>
    1. 0. 0. -1.1910321975663146e-02 0. 1. 0. -2.9868371077708761e-02 0.
    0. 1. 8.0323007964672366e-01</data></frame1>
<frame2 type_id="opencv-matrix">
  <rows>3</rows>
  <cols>4</cols>
  <dt>d</dt>
  <data>
    1. 0. 0. 7.4207829994388741e-02 0. 1. 0. 5.5809800643338778e-02 0.
    0. 1. 1.3753490686954781e+00</data></frame2>
<frame3 type_id="opencv-matrix">
  <rows>3</rows>
  <cols>4</cols>
  <dt>d</dt>
  <data>
    1. 0. 0. 1.4828932312833748e-01 0. 1. 0. -2.3968185631199110e-02 0.
    0. 1. 2.6205991613479860e+00</data></frame3>
<frame4 type_id="opencv-matrix">
  <rows>3</rows>
  <cols>4</cols>
  <dt>d</dt>
  <data>
    1. 0. 0. 2.0719202887023108e-01 0. 1. 0. -2.2401776052755215e-02 0.
    0. 1. 2.7450158634420645e+00</data></frame4>
<frame5 type_id="opencv-matrix">
  <rows>3</rows>
  <cols>4</cols>
  <dt>d</dt>
  <data>
    1. 0. 0. 1.1087679793689234e-01 0. 1. 0. -2.8855454027574355e-02 0.
    0. 1. 3.1853282657141380e+00</data></frame5>
<frame6 type_id="opencv-matrix">
  <rows>3</rows>
  <cols>4</cols>
  <dt>d</dt>
  <data>
    1. 0. 0. 9.0639760546246118e-02 0. 1. 0. -9.9662466986365578e-02 0.
    0. 1. 3.9595027473021003e+00</data></frame6>
<frame7 type_id="opencv-matrix">
  <rows>3</rows>
  <cols>4</cols>
  <dt>d</dt>
  <data>
    1. 0. 0. 6.5411354243061270e-02 0. 1. 0. -1.1226898055248516e-01 0.
    0. 1. 4.5668503001051830e+00</data></frame7>
<frame8 type_id="opencv-matrix">
  <rows>3</rows>
  <cols>4</cols>
  <dt>d</dt>
  <data>
    1. 0. 0. -1.2540644355312769e-03 0. 1. 0. 7.5768968250360391e-03 0.
    0. 1. 5.0981410210998526e+00</data></frame8>
<frame9 type_id="opencv-matrix">
  <rows>3</rows>
  <cols>4</cols>
  <dt>d</dt>
  <data>
    1. 0. 0. 4.4364775944020197e-02 0. 1. 0. 8.2669688640838984e-02 0.
    0. 1. 5.9265717124867558e+00</data></frame9>
<frame10 type_id="opencv-matrix">
  <rows>3</rows>
  <cols>4</cols>
  <dt>d</dt>
  <data>
    1. 0. 0. 1.7342599103485315e-01 0. 1. 0. 7.4134100018665688e-02 0.
    0. 1. 6.7445424044420488e+00</data></frame10>
<frame11 type_id="opencv-matrix">
  <rows>3</rows>
  <cols>4</cols>
  <dt>d</dt>
  <data>
    1. 0. 0. 6.8550885004740325e-03 0. 1. 0. 3.3153965542695263e-01 0.
    0. 1. 7.4912938491943306e+00</data></frame11>
<frame12 type_id="opencv-matrix">
  <rows>3</rows>
  <cols>4</cols>
  <dt>d</dt>
  <data>
    1. 0. 0. 2.7657126038448665e-01 0. 1. 0. 1.4833375322787892e-01 0.
    0. 1. 8.6233479465122294e+00</data></frame12>
<frame13 type_id="opencv-matrix">
  <rows>3</rows>
  <cols>4</cols>
  <dt>d</dt>
  <data>
    1. 0. 0. 1.6967446778281686e-01 0. 1. 0. 1.6364579126963510e-01 0.
    0. 1. 9.3126193153779155e+00</data></frame13>
<frame14 type_id="opencv-matrix">
  <rows>3</rows>
  <cols>4</cols>
  <dt>d</dt>
  <data>
    1. 0. 0. 2.1050594881521273e-01 0. 1. 0. 2.0311670751300914e-01 0.
    0. 1. 9.9473143182724719e+00</data></frame14>
<frame15 type_id="opencv-matrix">
  <rows>3</rows>
  <cols>4</cols>
  <dt>d</dt>
  <data>
    1. 0. 0. 4.0383092595115189e-01 0. 1. 0. 2.0518061816684205e-01 0.
    0. 1. 1.0934786832706253e+01</data></frame15>
<frame16 type_id="opencv-matrix">
  <rows>3</rows>
  <cols>4</cols>
  <dt>d</dt>
  <data>
    1. 0. 0. 6.2245520636803831e-01 0. 1. 0. 2.4947743024175681e-01 0.
    0. 1. 1.1233576808771817e+01</data></frame16>
<frame17 type_id="opencv-matrix">
  <rows>3</rows>
  <cols>4</cols>
  <dt>d</dt>
  <data>
    1. 0. 0. 4.7978657473131608e-01 0. 1. 0. 2.4442172084674757e-01 0.
    0. 1. 1.2394587366450086e+01</data></frame17>
<frame18 type_id="opencv-matrix">
  <rows>3</rows>
  <cols>4</cols>
  <dt>d</dt>
  <data>
    1. 0. 0. 4.2842121307987929e-01 0. 1. 0. 1.9238389224899255e-01 0.
    0. 1. 1.3490510459287844e+01</data></frame18>
<frame19 type_id="opencv-matrix">
  <rows>3</rows>
  <cols>4</cols>
  <dt>d</dt>
  <data>
    1. 0. 0. 1.3842245855492535e-01 0. 1. 0. 3.1392934996683475e-01 0.
    0. 1. 1.4500712192254730e+01</data></frame19>
<frame20 type_id="opencv-matrix">
  <rows>3</rows>
  <cols>4</cols>
  <dt>d</dt>
  <data>
    1. 0. 0. 1.0209288421211678e-01 0. 1. 0. 3.2412091803602333e-01 0.
    0. 1. 1.5737866889249293e+01</data></frame20>
<frame21 type_id="opencv-matrix">
  <rows>3</rows>
  <cols>4</cols>
  <dt>d</dt>
  <data>
    1. 0. 0. 1.8073862743523783e-01 0. 1. 0. 2.8454200566002219e-01 0.
    0. 1. 1.7014949473840332e+01</data></frame21>
<frame22 type_id="opencv-matrix">
  <rows>3</rows>
  <cols>4</cols>
  <dt>d</dt>
  <data>
    1. 0. 0. 1.5037064484237792e-01 0. 1. 0. 3.3462440143328742e-01 0.
    0. 1. 1.7338298601370695e+01</data></frame22>
<frame23 type_id="opencv-matrix">
  <rows>3</rows>
  <cols>4</cols>
  <dt>d</dt>
  <data>
    1. 0. 0. -6.8550259634024918e-02 0. 1. 0. 2.4555757070085549e-01 0.
    0. 1. 1.8471428360401966e+01</data></frame23>
<frame24 type_id="opencv-matrix">
  <rows>3</rows>
  <cols>4</cols>
  <dt>d</dt>
  <data>
    1. 0. 0. -2.9747007209165588e-01 0. 1. 0. 1.7257363657917651e-01 0.
    0. 1. 1.9659669100183283e+01</data></frame24>
<frame25 type_id="opencv-matrix">
  <rows>3</rows>
  <cols>4</cols>
  <dt>d</dt>
  <data>
    1. 0. 0. 3.3573370293016214e-02 0. 1. 0. 1.6970908960600162e-01 0.
    0. 1. 2.0188818858877223e+01</data></frame25>
<frame26 type_id="opencv-matrix">
  <rows>3</rows>
  <cols>4</cols>
  <dt>d</dt>
  <data>
    1. 0. 0. -3.2161825870377603e-01 0. 1. 0. 1.4241977818312282e-01 0.
    0. 1. 2.1964323404072335e+01</data></frame26>
<frame27 type_id="opencv-matrix">
  <rows>3</rows>
  <cols>4</cols>
  <dt>d</dt>
  <data>
    1. 0. 0. -1.3410885660815278e-01 0. 1. 0. 6.3512093466729369e-02 0.
    0. 1. 2.2286491181247303e+01</data></frame27>
<frame28 type_id="opencv-matrix">
  <rows>3</rows>
  <cols>4</cols>
  <dt>d</dt>
  <data>
    1. 0. 0. 1.9422493004645464e-02 0. 1. 0. 2.2112621598102816e-01 0.
    0. 1. 2.2408519406064894e+01</data></frame28>
<frame29 type_id="opencv-matrix">
  <rows>3</rows>
  <cols>4</cols>
  <dt>d</dt>
  <data>
    1. 0. 0. 2.5831862830277075e-01 0. 1. 0. 1.8577294600457497e-01 0.
    0. 1. 2.3065344518557158e+01</data></frame29>
<frame30 type_id="opencv-matrix">
  <rows>3</rows>
  <cols>4</cols>
  <dt>d</dt>
  <data>
    1. 0. 0. 2.2665700452417248e-01 0. 1. 0. 1.1424160260348706e-01 0.
    0. 1. 2.4555520028257593e+01</data></frame30>
<frame31 type_id="opencv-matrix">
  <rows>3</rows>
  <cols>4</cols>
  <dt>d</dt>
  <data>
    1. 0. 0. 2.2431628636463619e-01 0. 1. 0. 1.7802507248340274e-01 0.
    0. 1. 2.5614146348782771e+01</data></frame31>
<frame32 type_id="opencv-matrix">
  <rows>3</rows>
  <cols>4</cols>
  <dt>d</dt>
  <data>
    1. 0. 0. 4.2103251749094733e-01 0. 1. 0. 1.9263035448547652e-01 0.
    0. 1. 2.6522525329153464e+01</data></frame32>
<frame33 type_id="opencv-matrix">
  <rows>3</rows>
  <cols>4</cols>
  <dt>d</dt>
  <data>
    1. 0. 0. 2.7054438664050229e-01 0. 1. 0. 1.4235657749777086e-01 0.
    0. 1. 2.7660730990057498e+01</data></frame33>
<frame34 type_id="opencv-matrix">
  <rows>3</rows>
  <cols>4</cols>
  <dt>d</dt>
  <data>
    1. 0. 0. -1.7770700651644566e-01 0. 1. 0. -1.3430212319766754e-01 0.
    0. 1. 2.8546147835987050e+01</data></frame34>
<frame35 type_id="opencv-matrix">
  <rows>3</rows>
  <cols>4</cols>
  <dt>d</dt>
  <data>
    1. 0. 0. -2.7858625032560536e-02 0. 1. 0. 5.9561885247559482e-02 0.
    0. 1. 2.8008333137483746e+01</data></frame35>
<frame36 type_id="opencv-matrix">
  <rows>3</rows>
  <cols>4</cols>
  <dt>d</dt>
  <data>
    1. 0. 0. 8.3657619833531677e-02 0. 1. 0. 3.8485180328330967e-02 0.
    0. 1. 2.9145395903687589e+01</data></frame36>
<frame37 type_id="opencv-matrix">
  <rows>3</rows>
  <cols>4</cols>
  <dt>d</dt>
  <data>
    1. 0. 0. -1.5580208267751344e-01 0. 1. 0. -3.3187327584917448e-01 0.
    0. 1. 2.9845523809072105e+01</data></frame37>
