<?xml version="1.0"?>
<opencv_storage>
<frame0 type_id="opencv-matrix">
  <rows>3</rows>
  <cols>4</cols>
  <dt>d</dt>
  <data>
    1. 0. 0. 0. 0. 1. 0. 0. 0. 0. 1. 0.</data></frame0>
<frame1 type_id="opencv-matrix">
  <rows>3</rows>
  <cols>4</cols>
  <dt>d</dt>
  <data>
    1.0073438670833228e+00 1.0221713787374334e-03 1.3648760197887664e-03
    -1.1910321975663146e-02 -2.3520127153392020e-03
    1.0034802249233903e+00 -9.8233368932649709e-05
    -2.9868371077708761e-02 -4.4991699379055318e-04
    6.1889897325693166e-03 1.0191515804891871e+00 8.0323007964672366e-01</data></frame1>
<frame2 type_id="opencv-matrix">
  <rows>3</rows>
  <cols>4</cols>
  <dt>d</dt>
  <data>
    1.0109092905893582e+00 -2.6458587086953343e-02
    9.2196848766041041e-03 8.1170670852845822e-02
    -6.7719793810579892e-04 9.8931822913731005e-01
    5.8125845315726097e-03 6.0868684578240517e-02 5.9640834299033597e-03
    5.3810831556485819e-02 1.0228245432047760e+00 1.3767467972700633e+00</data></frame2>
<frame3 type_id="opencv-matrix">
  <rows>3</rows>
  <cols>4</cols>
  <dt>d</dt>
  <data>
    1.0244824234938994e+00 4.0665257009924634e-02 2.0226276906171459e-02
    1.7457793968081603e-01 -4.3681517123856962e-03
    9.6606179431577943e-01 8.7005730504027996e-04
    -2.7050951345097947e-02 -1.1544406521353971e-02
    2.8173651272518092e-02 1.0481337019689374e+00 2.6533895753803662e+00</data></frame3>
<frame4 type_id="opencv-matrix">
  <rows>3</rows>
  <cols>4</cols>
  <dt>d</dt>
  <data>
    1.0330607586558984e+00 4.8795746656921345e-02 3.4836671614321427e-02
    2.7129971367119521e-01 2.2641669329842434e-03 9.1112621201429422e-01
    1.8947773818794901e-03 -2.0448555767126154e-02
    -2.9749093358796636e-02 -1.0736995445941543e-01
    9.8614757562927546e-01 2.6225706972598308e+00</data></frame4>
<frame5 type_id="opencv-matrix">
  <rows>3</rows>
  <cols>4</cols>
  <dt>d</dt>
  <data>
    1.0415493350742799e+00 5.4144802411921669e-02 3.5239074762329535e-02
    1.7738229916892231e-01 1.9511453108679831e-03 9.1337157315150674e-01
    1.7189626901599263e-03 -2.7488500662717588e-02
    -2.5461117401816686e-02 -1.0175195416351469e-01
    9.7648748832554932e-01 3.0377594617827230e+00</data></frame5>
<frame6 type_id="opencv-matrix">
  <rows>3</rows>
  <cols>4</cols>
  <dt>d</dt>
  <data>
    1.0352319795921692e+00 4.0057523046511542e-02 3.8711577899236516e-02
    1.6802604938740720e-01 -8.0167547693404105e-04
    9.0340715727705223e-01 -2.4731574558034316e-03
    -1.1115317941207273e-01 -2.4240460637642704e-02
    -1.0450944579372791e-01 9.7909735057594882e-01
